1 1 1 0 0  1 1 1 0 0  1 1 1 0 0  1 1 1 0 0  1 1 1 0 0  1 1 1 0 0  1 1 1 0 0  1 1 1 0 0  11111111
1 0 0 0 0  1 0 0 0 0  1 0 0 0 0  1 0 0 0 0  1 0 0 0 0  1 0 0 0 0  1 0 0 0 0  1 0 0 0 0  11111111
1 1 1 1 1  1 1 1 1 1  1 1 1 1 1  1 1 1 1 1  1 1 1 1 1  1 1 1 1 1  1 1 1 1 1  1 1 1 1 1  11111111
0 0 0 0 0  0 0 0 0 0  0 0 0 0 0  0 0 0 0 0  0 0 0 0 0  0 0 0 0 0  0 0 0 0 0  0 0 0 0 0  00000000
1 1 1 0 0  1 0 0 0 0  1 0 0 0 0  1 0 0 0 0  1 0 0 0 0  1 0 0 0 0  1 0 0 0 0  1 0 0 0 0  11111111
1 0 0 0 0  1 0 0 0 0  1 0 0 0 0  1 0 0 0 0  1 0 0 0 0  1 0 0 0 0  0 0 0 0 0  1 0 0 0 0  11111101
1 0 0 0 0  1 1 1 0 0  1 1 1 0 0  1 1 1 0 0  1 1 1 0 0  1 1 1 0 0  1 1 1 0 0  1 1 1 0 0  11111111
1 0 0 0 0  0 0 0 0 0  0 0 0 0 0  0 0 0 0 0  0 0 0 0 0  0 0 0 0 0  0 0 0 0 0  0 0 0 0 0  10000000
1 0 0 0 0  1 1 1 1 1  1 1 1 1 1  1 1 1 1 1  1 1 1 1 1  1 1 1 1 1  1 1 1 1 1  1 1 1 1 1  11111111
1 1 1 1 1  1 1 1 1 1  1 1 1 1 1  1 1 1 1 1  1 1 1 1 1  1 1 1 1 1  1 0 0 0 0  1 0 0 0 0  11111111
0 0 0 0 0  0 0 0 0 0  0 0 0 0 0  0 0 0 0 0  0 0 0 0 0  0 0 0 0 0  0 0 0 0 0  1 0 0 0 0  00000001
1 0 0 0 0  1 0 0 0 0  1 0 0 0 0  1 0 0 0 0  1 0 0 0 0  1 0 0 0 0  1 0 0 0 0  0 0 0 0 0  11111110
1 0 0 0 0  1 1 1 0 0  1 0 0 0 0  1 0 0 0 0  1 0 0 0 0  1 0 0 0 0  1 0 0 0 0  1 0 0 0 0  11111111
0 0 0 0 0  1 0 0 0 0  1 0 0 0 0  1 0 0 0 0  1 0 0 0 0  1 0 0 0 0  1 0 0 0 0  1 0 0 0 0  01111111
1 0 0 0 0  1 0 0 0 0  1 0 0 0 0  1 0 0 0 0  1 0 0 0 0  1 1 1 0 0  1 1 1 0 0  1 1 1 0 0  11111111
1 1 1 0 0  1 1 1 0 0  1 1 1 0 0  1 1 1 0 0  1 1 1 0 0  1 1 1 0 0  1 1 1 0 0  1 0 0 0 0  11111111
1 0 0 0 0  1 0 0 0 0  1 0 0 0 0  1 1 1 0 0  1 1 1 0 0  1 1 1 0 0  1 1 1 0 0  1 1 1 0 0  11111111
1 0 0 0 0  1 0 0 0 0  1 0 0 0 0  1 1 1 1 1  1 1 1 1 1  1 1 1 1 1  1 1 1 1 1  1 1 1 1 1  11111111
1 1 1 1 1  1 1 1 1 1  1 1 1 1 1  1 1 1 1 1  1 1 1 1 1  1 1 1 1 1  1 1 1 1 1  1 0 0 0 0  11111111
1 1 1 0 0  1 1 1 0 0  1 1 1 0 0  1 0 0 0 0  1 0 0 0 0  1 0 0 0 0  1 0 0 0 0  1 0 0 0 0  11111111
1 0 0 0 0  1 0 0 0 0  1 0 0 0 0  1 0 0 0 0  1 0 0 0 0  1 0 0 0 0  1 0 0 0 0  1 1 1 0 0  11111111
1 0 0 0 0  1 0 0 0 0  1 0 0 0 0  1 0 0 0 0  1 0 0 0 0  1 0 0 0 0  0 0 0 0 0  0 0 0 0 0  11111100
1 1 1 1 1  1 1 1 1 1  1 1 1 1 1  1 1 1 1 1  1 1 1 1 1  1 0 0 0 0  1 0 0 0 0  1 0 0 0 0  11111111
0 0 0 0 0  0 0 0 0 0  0 0 0 0 0  0 0 0 0 0  0 0 0 0 0  0 0 0 0 0  1 0 0 0 0  0 0 0 0 0  00000010
1 0 0 0 0  0 0 0 0 0  1 0 0 0 0  1 0 0 0 0  1 0 0 0 0  1 0 0 0 0  1 0 0 0 0  1 0 0 0 0  10111111
1 1 1 0 0  1 1 1 0 0  1 1 1 0 0  1 1 1 0 0  1 1 1 0 0  1 1 1 0 0  1 0 0 0 0  1 0 0 0 0  11111111
1 1 1 0 0  1 1 1 0 0  1 1 1 0 0  1 1 1 0 0  1 0 0 0 0  1 0 0 0 0  1 0 0 0 0  1 0 0 0 0  11111111
1 0 0 0 0  1 1 1 0 0  1 1 1 0 0  1 0 0 0 0  1 0 0 0 0  1 0 0 0 0  1 0 0 0 0  1 0 0 0 0  11111111
1 0 0 0 0  1 0 0 0 0  1 1 1 0 0  1 1 1 0 0  1 1 1 0 0  1 1 1 0 0  1 1 1 0 0  1 1 1 0 0  11111111
1 0 0 0 0  1 0 0 0 0  1 0 0 0 0  1 0 0 0 0  0 0 0 0 0  0 0 0 0 0  0 0 0 0 0  0 0 0 0 0  11110000
1 0 0 0 0  1 0 0 0 0  1 0 0 0 0  1 0 0 0 0  1 0 0 0 0  1 1 1 0 0  1 1 1 0 0  1 0 0 0 0  11111111
1 0 0 0 0  1 0 0 0 0  1 0 0 0 0  1 0 0 0 0  1 1 1 0 0  1 1 1 0 0  1 1 1 0 0  1 1 1 0 0  11111111
